0
1
2
3
4
5
2
6
7
8
0
4
8
4
0
6
6
9
0
10
5
9
5
11
6
11
4
7
12
1
7
11
13
14
5
7
15
9
16
17
18
6
19
20
1
15
16
13
14
21
22
17
12
23
4
11
7
21
24
6
4
25
26
10
27
5
14
10
6
28
12
8
14
2
24
8
5
29
13
1
30
15
28
31
7
6
12
32
33
25
31
6
7
30
6
32
14
10
33
12
34
17
27
0
35
28
4
36
13
3
10
37
3
38
38
2
7
4
35
39
27
40
10
41
6
0
10
4
3
34
17
7
42
43
40
10
5
44
34
12
6
34
12
6
44
6
45
5
42
1
5
46
6
5
25
7
47
48
6
12
17
5
7
7
10
35
45
7
34
4
49
44
38
48
3
7
5
47
18
47
24
22
39
34
5
37
23
22
47
23
28
27
14
50
40
43
12
9
8
37
31
20
13
39
51
45
23
20
7
51
15
5
35
52
6
6
17
53
52
10
54
44
55
51
6
14
30
56
10
6
12
6
6
14
30
55
44
57
27
10
52
44
15
22
6
1
58
25
33
33
16
58
8
40
7
22
30
6
58
33
31
44
59
8
4
12
10
31
22
42
55
31
60
54
59
32
10
59
59
42
58
59
59
22
42
59
32
59
59
10
59
58
59
60
32
5
2
58
50
5
56
12
12
6
34
0
10
5
8
51
61
29
10
29
62
10
5
10
58
63
2
6
63
34
0
36
34
4
64
33
51
65
17
66
61
67
60
62
64
6
63
67
15
65
18
68
34
20
4
6
8
10
66
6
33
63
63
10
10
33
7
69
67
55
32
69
70
61
22
71
70
43
71
71
71
71
10
8
71
10
69
47
10
11
59
71
15
17
66
14
7
72
73
24
55
15
72
1
2
5
1
17
74
24
15
70
44
2
28
64
75
72
33
38
76
76
76
77
77
76
77
77
78
79
79
79
79
79
79
77
13
79
55
35
17
56
9
79
0
27
13
45
35
11
27
25
63
52
17
29
2
7
8
10
5
9
10
1
51
0
80
4
5
6
79
6
10
12
5
55
8
51
7
12
5
5
51
45
2
29
77
7
79
6
8
80
51
77
0
7
4
6
2
77
1
5
5
55
4
